{
  "nbformat": 4,
  "nbformat_minor": 0,
  "metadata": {
    "colab": {
      "name": "py_assign.ipynb",
      "provenance": [],
      "collapsed_sections": []
    },
    "kernelspec": {
      "name": "python3",
      "display_name": "Python 3"
    }
  },
  "cells": [
    {
      "cell_type": "code",
      "metadata": {
        "id": "-uTJs0vyIxR8",
        "colab_type": "code",
        "outputId": "101401ec-b048-4938-d75e-0d0662415c75",
        "colab": {
          "base_uri": "https://localhost:8080/",
          "height": 34
        }
      },
      "source": [
        "from google.colab import drive \n",
        "drive.mount('/content/drive')"
      ],
      "execution_count": 0,
      "outputs": [
        {
          "output_type": "stream",
          "text": [
            "Drive already mounted at /content/drive; to attempt to forcibly remount, call drive.mount(\"/content/drive\", force_remount=True).\n"
          ],
          "name": "stdout"
        }
      ]
    },
    {
      "cell_type": "code",
      "metadata": {
        "id": "G3ydsfWJI6t_",
        "colab_type": "code",
        "outputId": "0872cd3a-ad4c-4f99-c259-de0964044f29",
        "colab": {
          "base_uri": "https://localhost:8080/",
          "height": 34
        }
      },
      "source": [
        "cd /content/drive/My Drive/Colab Notebooks/py_assign "
      ],
      "execution_count": 0,
      "outputs": [
        {
          "output_type": "stream",
          "text": [
            "/content/drive/My Drive/Colab Notebooks/py_assign\n"
          ],
          "name": "stdout"
        }
      ]
    },
    {
      "cell_type": "code",
      "metadata": {
        "id": "w351O6gMHUgu",
        "colab_type": "code",
        "colab": {}
      },
      "source": [
        "import pandas as pd\n",
        "from copulas.multivariate import GaussianMultivariate\n",
        "import sys\n",
        "import utils\n",
        "import numpy as np  "
      ],
      "execution_count": 0,
      "outputs": []
    },
    {
      "cell_type": "code",
      "metadata": {
        "id": "QjA5-KCFMQB4",
        "colab_type": "code",
        "colab": {}
      },
      "source": [
        "def handle_non_numerical_data(data):\n",
        "    columns = data.columns.values\n",
        "\n",
        "    for column in columns:\n",
        "        text_digit_vals = {}\n",
        "\n",
        "        def convert_to_int(val):\n",
        "            return text_digit_vals[val]\n",
        "\n",
        "        if data[column].dtype != np.int64 and data[column].dtype != np.float64:\n",
        "            column_contents = data[column].values.tolist()\n",
        "            unique_elements = set(column_contents)\n",
        "            x = 0\n",
        "            for unique in unique_elements:\n",
        "                if unique not in text_digit_vals:\n",
        "                    text_digit_vals[unique] = x\n",
        "                    x = x + 1\n",
        "\n",
        "            data[column] = list(map(convert_to_int, data[column]))\n",
        "\n",
        "    return data"
      ],
      "execution_count": 0,
      "outputs": []
    },
    {
      "cell_type": "code",
      "metadata": {
        "id": "qIidgFsxHPRb",
        "colab_type": "code",
        "colab": {}
      },
      "source": [
        "copula = GaussianMultivariate()\n",
        "data = pd.read_excel('data.xlsx')\n",
        "data = handle_non_numerical_data(data)"
      ],
      "execution_count": 0,
      "outputs": []
    },
    {
      "cell_type": "code",
      "metadata": {
        "id": "NcbLiBVKOCw0",
        "colab_type": "code",
        "colab": {}
      },
      "source": [
        "data = data.replace(np.nan,0)"
      ],
      "execution_count": 0,
      "outputs": []
    },
    {
      "cell_type": "code",
      "metadata": {
        "id": "rjRoA7ofNVd8",
        "colab_type": "code",
        "outputId": "f447517e-434e-463c-c631-bfba7c2cc47c",
        "colab": {
          "base_uri": "https://localhost:8080/",
          "height": 232
        }
      },
      "source": [
        "data.head()"
      ],
      "execution_count": 0,
      "outputs": [
        {
          "output_type": "execute_result",
          "data": {
            "text/html": [
              "<div>\n",
              "<style scoped>\n",
              "    .dataframe tbody tr th:only-of-type {\n",
              "        vertical-align: middle;\n",
              "    }\n",
              "\n",
              "    .dataframe tbody tr th {\n",
              "        vertical-align: top;\n",
              "    }\n",
              "\n",
              "    .dataframe thead th {\n",
              "        text-align: right;\n",
              "    }\n",
              "</style>\n",
              "<table border=\"1\" class=\"dataframe\">\n",
              "  <thead>\n",
              "    <tr style=\"text-align: right;\">\n",
              "      <th></th>\n",
              "      <th>Unnamed: 0</th>\n",
              "      <th>Unnamed: 1</th>\n",
              "      <th>Factor Loadings</th>\n",
              "      <th>Unnamed: 3</th>\n",
              "      <th>Unnamed: 4</th>\n",
              "      <th>Unnamed: 5</th>\n",
              "      <th>Unnamed: 6</th>\n",
              "      <th>Unnamed: 7</th>\n",
              "      <th>Unnamed: 8</th>\n",
              "      <th>Unnamed: 9</th>\n",
              "      <th>Unnamed: 10</th>\n",
              "      <th>Unnamed: 11</th>\n",
              "      <th>Unnamed: 12</th>\n",
              "      <th>Unnamed: 13</th>\n",
              "      <th>Unnamed: 14</th>\n",
              "      <th>Unnamed: 15</th>\n",
              "      <th>Unnamed: 16</th>\n",
              "      <th>Unnamed: 17</th>\n",
              "      <th>Unnamed: 18</th>\n",
              "      <th>Unnamed: 19</th>\n",
              "      <th>Unnamed: 20</th>\n",
              "      <th>Unnamed: 21</th>\n",
              "      <th>Unnamed: 22</th>\n",
              "      <th>Unnamed: 23</th>\n",
              "      <th>Unnamed: 24</th>\n",
              "      <th>Unnamed: 25</th>\n",
              "      <th>Unnamed: 26</th>\n",
              "    </tr>\n",
              "  </thead>\n",
              "  <tbody>\n",
              "    <tr>\n",
              "      <th>0</th>\n",
              "      <td>101</td>\n",
              "      <td>1</td>\n",
              "      <td>73</td>\n",
              "      <td>20</td>\n",
              "      <td>26</td>\n",
              "      <td>50</td>\n",
              "      <td>42</td>\n",
              "      <td>0.000000</td>\n",
              "      <td>2</td>\n",
              "      <td>1</td>\n",
              "      <td>1</td>\n",
              "      <td>1</td>\n",
              "      <td>2</td>\n",
              "      <td>57</td>\n",
              "      <td>0.0</td>\n",
              "      <td>82</td>\n",
              "      <td>73</td>\n",
              "      <td>7</td>\n",
              "      <td>0</td>\n",
              "      <td>0</td>\n",
              "      <td>0.0</td>\n",
              "      <td>0</td>\n",
              "      <td>5</td>\n",
              "      <td>5</td>\n",
              "      <td>2</td>\n",
              "      <td>1</td>\n",
              "      <td>6</td>\n",
              "    </tr>\n",
              "    <tr>\n",
              "      <th>1</th>\n",
              "      <td>0</td>\n",
              "      <td>0</td>\n",
              "      <td>22</td>\n",
              "      <td>0</td>\n",
              "      <td>0</td>\n",
              "      <td>0</td>\n",
              "      <td>0</td>\n",
              "      <td>0.055583</td>\n",
              "      <td>0</td>\n",
              "      <td>0</td>\n",
              "      <td>0</td>\n",
              "      <td>0</td>\n",
              "      <td>0</td>\n",
              "      <td>0</td>\n",
              "      <td>0.0</td>\n",
              "      <td>0</td>\n",
              "      <td>11</td>\n",
              "      <td>2</td>\n",
              "      <td>1</td>\n",
              "      <td>1</td>\n",
              "      <td>0.0</td>\n",
              "      <td>0</td>\n",
              "      <td>0</td>\n",
              "      <td>0</td>\n",
              "      <td>0</td>\n",
              "      <td>0</td>\n",
              "      <td>0</td>\n",
              "    </tr>\n",
              "    <tr>\n",
              "      <th>2</th>\n",
              "      <td>0</td>\n",
              "      <td>0</td>\n",
              "      <td>51</td>\n",
              "      <td>1</td>\n",
              "      <td>60</td>\n",
              "      <td>89</td>\n",
              "      <td>97</td>\n",
              "      <td>0.000000</td>\n",
              "      <td>0</td>\n",
              "      <td>0</td>\n",
              "      <td>0</td>\n",
              "      <td>0</td>\n",
              "      <td>0</td>\n",
              "      <td>0</td>\n",
              "      <td>0.0</td>\n",
              "      <td>0</td>\n",
              "      <td>0</td>\n",
              "      <td>0</td>\n",
              "      <td>1</td>\n",
              "      <td>2</td>\n",
              "      <td>0.0</td>\n",
              "      <td>0</td>\n",
              "      <td>0</td>\n",
              "      <td>0</td>\n",
              "      <td>0</td>\n",
              "      <td>0</td>\n",
              "      <td>0</td>\n",
              "    </tr>\n",
              "    <tr>\n",
              "      <th>3</th>\n",
              "      <td>1</td>\n",
              "      <td>3</td>\n",
              "      <td>77</td>\n",
              "      <td>74</td>\n",
              "      <td>74</td>\n",
              "      <td>88</td>\n",
              "      <td>10</td>\n",
              "      <td>0.000000</td>\n",
              "      <td>1</td>\n",
              "      <td>2</td>\n",
              "      <td>2</td>\n",
              "      <td>2</td>\n",
              "      <td>1</td>\n",
              "      <td>100</td>\n",
              "      <td>0.0</td>\n",
              "      <td>100</td>\n",
              "      <td>24</td>\n",
              "      <td>1</td>\n",
              "      <td>2</td>\n",
              "      <td>1</td>\n",
              "      <td>1.0</td>\n",
              "      <td>5</td>\n",
              "      <td>7</td>\n",
              "      <td>7</td>\n",
              "      <td>7</td>\n",
              "      <td>7</td>\n",
              "      <td>7</td>\n",
              "    </tr>\n",
              "    <tr>\n",
              "      <th>4</th>\n",
              "      <td>2</td>\n",
              "      <td>6</td>\n",
              "      <td>52</td>\n",
              "      <td>13</td>\n",
              "      <td>61</td>\n",
              "      <td>46</td>\n",
              "      <td>98</td>\n",
              "      <td>0.000000</td>\n",
              "      <td>1</td>\n",
              "      <td>2</td>\n",
              "      <td>2</td>\n",
              "      <td>2</td>\n",
              "      <td>1</td>\n",
              "      <td>64</td>\n",
              "      <td>0.0</td>\n",
              "      <td>1</td>\n",
              "      <td>28</td>\n",
              "      <td>5</td>\n",
              "      <td>3</td>\n",
              "      <td>1</td>\n",
              "      <td>2.0</td>\n",
              "      <td>1</td>\n",
              "      <td>6</td>\n",
              "      <td>6</td>\n",
              "      <td>6</td>\n",
              "      <td>2</td>\n",
              "      <td>4</td>\n",
              "    </tr>\n",
              "  </tbody>\n",
              "</table>\n",
              "</div>"
            ],
            "text/plain": [
              "   Unnamed: 0  Unnamed: 1  ...  Unnamed: 25  Unnamed: 26\n",
              "0         101           1  ...            1            6\n",
              "1           0           0  ...            0            0\n",
              "2           0           0  ...            0            0\n",
              "3           1           3  ...            7            7\n",
              "4           2           6  ...            2            4\n",
              "\n",
              "[5 rows x 27 columns]"
            ]
          },
          "metadata": {
            "tags": []
          },
          "execution_count": 61
        }
      ]
    },
    {
      "cell_type": "code",
      "metadata": {
        "id": "BsIu_a_vIBAV",
        "colab_type": "code",
        "outputId": "a1ecae0d-79b4-4cdd-d4fb-cd542d414b2b",
        "colab": {
          "base_uri": "https://localhost:8080/",
          "height": 70
        }
      },
      "source": [
        "copula.fit(data)"
      ],
      "execution_count": 0,
      "outputs": [
        {
          "output_type": "stream",
          "text": [
            "/usr/local/lib/python3.6/dist-packages/numpy/core/fromnumeric.py:56: FutureWarning: Series.nonzero() is deprecated and will be removed in a future version.Use Series.to_numpy().nonzero() instead\n",
            "  return getattr(obj, method)(*args, **kwds)\n"
          ],
          "name": "stderr"
        }
      ]
    },
    {
      "cell_type": "code",
      "metadata": {
        "id": "iFQiXNquMxSU",
        "colab_type": "code",
        "colab": {}
      },
      "source": [
        "num_samples = 1000\n",
        "samples = copula.sample(num_samples)"
      ],
      "execution_count": 0,
      "outputs": []
    },
    {
      "cell_type": "code",
      "metadata": {
        "id": "zhP9n23-IA8z",
        "colab_type": "code",
        "colab": {}
      },
      "source": [
        "model_path = 'mymodel.pkl'\n",
        "copula.save(model_path)"
      ],
      "execution_count": 0,
      "outputs": []
    },
    {
      "cell_type": "code",
      "metadata": {
        "id": "5HLsiIqoIA7Q",
        "colab_type": "code",
        "outputId": "4a7d6392-7f30-46ce-a660-ff66c0fe8fd6",
        "colab": {
          "base_uri": "https://localhost:8080/",
          "height": 70
        }
      },
      "source": [
        "copula_params = copula.to_dict()\n",
        "print(copula_params)\n",
        "print(type(copula_params))"
      ],
      "execution_count": 0,
      "outputs": [
        {
          "output_type": "stream",
          "text": [
            "{'covariance': [[0.9914845315176679, 0.04184433658410097, 0.03288527696147693, -0.03529466000687392, -0.13247684498214315, -0.17927490822669157, -0.03782731381273307, -3.569644411775154e-33, 0.19750439439579887, 0.05770571899535679, 0.05770571899535679, 0.05770571899535679, 0.19750439439579887, 0.12996026556316373, -8.98207961390261e-32, 0.26424300922257865, 0.21062490389877606, 0.18947083696334682, 0.020204797895257497, -0.2415010838746474, -0.352049881780852, -0.3600386361669552, -0.24686898810454178, -0.24686898810454178, -0.33150978404477915, -0.35737224947091245, -0.21659814788837206], [0.04184433658410097, 0.9388149407801467, 0.09128325296594379, 0.07496238466645654, 0.10923090337112237, -0.06053353468554455, 0.09254754558069295, -2.8793606099254716e-33, 0.03934048789759487, 0.2697775529977754, 0.2697775529977754, 0.2697775529977754, 0.03934048789759487, 0.1498952111058496, -4.2713693816112953e-32, -0.09823832119879221, -0.014835545507334652, 0.2853347937268479, 0.33021592178874976, -0.04810457249656736, -0.037601041095161956, -0.008379660870484916, -0.1174386023763629, -0.1174386023763629, -0.07013855323404473, -0.09378857780636479, -0.1706511576629047], [0.03288527696147693, 0.09128325296594379, 1.010290252474808, 0.03477106760449798, -0.08441042068007705, -0.06971573854218002, 0.04723690694861341, -1.1288619079972709e-33, 0.04299688975596549, -0.02415107257426183, -0.02415107257426183, -0.02415107257426183, 0.04299688975596549, -0.00122710438823704, 9.763130015111533e-33, 0.0594445226246905, 0.011263243705259485, 0.1501488523375306, -0.09424450572011635, -0.0525749421966012, -0.10015627423564727, -0.0743886893844073, 0.03819623558123302, 0.03819623558123302, 0.005298633379213402, -0.02936134036930615, 0.04495199317659316], [-0.03529466000687392, 0.07496238466645654, 0.03477106760449798, 0.9903846153846152, 0.06243559876349623, -0.026359706106357277, -0.05684669145647595, -2.6238411915612242e-33, 0.0371336774271919, 0.1513220889388727, 0.1513220889388727, 0.1513220889388727, 0.0371336774271919, 0.17837839360514862, 5.076827607857997e-32, -0.0015632973713156435, -0.11348057882711349, -0.13023147825279896, 0.13343605896792482, -0.04540594903396988, 0.19833781599537334, 0.18817595183084262, 0.03231014499420897, 0.03231014499420897, 0.09281823475863037, 0.19092358418354208, 0.055514703690363], [-0.13247684498214315, 0.10923090337112237, -0.08441042068007705, 0.06243559876349623, 0.9903846153846154, -0.05797791317593294, 0.09815308453922314, 2.6238411915612242e-33, -0.06644973869943764, 0.009707454762116364, 0.009707454762116364, 0.009707454762116364, -0.06644973869943764, 0.02931042490807388, -7.810504012089226e-33, 0.05289996588742606, 0.06285560682765111, 0.01468629814501327, 0.0455345601819328, 0.08125223426218962, -0.02812658869795003, -0.04699862197601501, 0.01821117262259132, 0.01821117262259132, 0.04170945990974721, 0.009399314889652134, 0.0029372858854379005], [-0.17927490822669157, -0.06053353468554455, -0.06971573854218002, -0.026359706106357277, -0.05797791317593294, 0.9903846153846152, 0.012807445902961297, -1.922116221725083e-33, -0.07622175904709011, -0.08394093235477092, -0.08394093235477092, -0.08394093235477092, -0.07622175904709011, 0.025175251216206472, 3.319464205137921e-32, -0.09926097825397236, 0.009262577841494615, -0.1681629767730317, -0.07562696517173186, 0.09320126736169909, 0.11958336726401145, 0.16785222281329812, 0.10721093570687466, 0.10721093570687466, 0.11661025062172696, 0.1606695392859097, 0.12365973680793181], [-0.03782731381273307, 0.09254754558069295, 0.04723690694861341, -0.05684669145647595, 0.09815308453922314, 0.012807445902961297, 0.9903846153846151, -2.166194472102871e-33, -0.10749222431030397, -0.09307736036617448, -0.09307736036617448, -0.09307736036617448, -0.10749222431030397, -0.12854338708012303, 4.7839337074046507e-32, -0.14673142746467802, -0.08480802831414364, -0.03511095119436927, -0.040783127815122396, 0.13143763813933731, 0.04554692714994059, -0.08292807140946357, 0.003818471731115839, 0.003818471731115839, 0.01321778664596723, -0.03906590256799129, -0.013511515143969484], [-3.569644411775154e-33, -2.8793606099254716e-33, -1.1288619079972709e-33, -2.6238411915612242e-33, 2.6238411915612242e-33, -1.922116221725083e-33, -2.166194472102871e-33, 1.7504987019282007e-33, 4.385781061475884e-34, 5.98182399558689e-33, 5.98182399558689e-33, 5.98182399558689e-33, 4.385781061475884e-34, -9.152934389167061e-35, -3.734397230780161e-32, 1.8305868778334122e-34, 4.881565007555766e-34, -3.356075942694589e-34, -1.1608971783593557e-32, 2.153476808905063e-34, 1.2901823766063403e-32, 1.2901823766063403e-32, -4.118820475125178e-33, -4.118820475125178e-33, -2.166194472102871e-33, -4.118820475125178e-33, -2.166194472102871e-33], [0.19750439439579887, 0.03934048789759487, 0.04299688975596549, 0.0371336774271919, -0.06644973869943764, -0.07622175904709011, -0.10749222431030397, 4.385781061475884e-34, 0.6820753510124921, 0.19928492531497186, 0.19928492531497186, 0.19928492531497186, 0.6820753510124921, 0.1114628760060287, -1.1959834268511627e-32, 0.16035010236385264, 0.1426714977369436, 0.23760273095755507, -0.13818512684056317, -0.8340165648344741, -1.1857696567573996e-11, -1.1857696567573996e-11, 0.2562738101457314, 0.2562738101457314, 0.10250952405063167, 0.05125476201891806, 0.3075285721799559], [0.05770571899535679, 0.2697775529977754, -0.02415107257426183, 0.1513220889388727, 0.009707454762116364, -0.08394093235477092, -0.09307736036617448, 5.98182399558689e-33, 0.19928492531497186, 0.5719842787722059, 0.5719842787722059, 0.5719842787722059, 0.19928492531497186, 0.10798396920913313, -6.27281103470916e-32, 0.07941678158766928, 0.0927078724686545, 0.11375779663648286, 0.5486134524886073, -0.24367919797987983, 0.02285682097448604, 0.02285682097448604, -0.12508802568566202, -0.12508802568566202, -0.035236063575805505, -0.005285409539178733, -0.15503867972375587], [0.05770571899535679, 0.2697775529977754, -0.02415107257426183, 0.1513220889388727, 0.009707454762116364, -0.08394093235477092, -0.09307736036617448, 5.98182399558689e-33, 0.19928492531497186, 0.5719842787722059, 0.5719842787722059, 0.5719842787722059, 0.19928492531497186, 0.10798396920913313, -6.27281103470916e-32, 0.07941678158766928, 0.0927078724686545, 0.11375779663648286, 0.5486134524886073, -0.24367919797987983, 0.02285682097448604, 0.02285682097448604, -0.12508802568566202, -0.12508802568566202, -0.035236063575805505, -0.005285409539178733, -0.15503867972375587], [0.05770571899535679, 0.2697775529977754, -0.02415107257426183, 0.1513220889388727, 0.009707454762116364, -0.08394093235477092, -0.09307736036617448, 5.98182399558689e-33, 0.19928492531497186, 0.5719842787722059, 0.5719842787722059, 0.5719842787722059, 0.19928492531497186, 0.10798396920913313, -6.27281103470916e-32, 0.07941678158766928, 0.0927078724686545, 0.11375779663648286, 0.5486134524886073, -0.24367919797987983, 0.02285682097448604, 0.02285682097448604, -0.12508802568566202, -0.12508802568566202, -0.035236063575805505, -0.005285409539178733, -0.15503867972375587], [0.19750439439579887, 0.03934048789759487, 0.04299688975596549, 0.0371336774271919, -0.06644973869943764, -0.07622175904709011, -0.10749222431030397, 4.385781061475884e-34, 0.6820753510124921, 0.19928492531497186, 0.19928492531497186, 0.19928492531497186, 0.6820753510124921, 0.1114628760060287, -1.1959834268511627e-32, 0.16035010236385264, 0.1426714977369436, 0.23760273095755507, -0.13818512684056317, -0.8340165648344741, -1.1857696567573996e-11, -1.1857696567573996e-11, 0.2562738101457314, 0.2562738101457314, 0.10250952405063167, 0.05125476201891806, 0.3075285721799559], [0.12996026556316373, 0.1498952111058496, -0.00122710438823704, 0.17837839360514862, 0.02931042490807388, 0.025175251216206472, -0.12854338708012303, -9.152934389167061e-35, 0.1114628760060287, 0.10798396920913313, 0.10798396920913313, 0.10798396920913313, 0.1114628760060287, 0.991484531517668, 2.3431512036267676e-32, 0.19229140884996124, 0.14783526109245296, -0.13322320277494706, -0.014658382786755457, -0.13629282981032217, -0.09459411427941945, 0.041577835553438004, 0.07141567151953723, 0.07141567151953723, 0.04937379757677454, 0.012637341004578214, 0.050843255839527174], [-8.98207961390261e-32, -4.2713693816112953e-32, 9.763130015111533e-33, 5.076827607857997e-32, -7.810504012089226e-33, 3.319464205137921e-32, 4.7839337074046507e-32, -3.734397230780161e-32, -1.1959834268511627e-32, -6.27281103470916e-32, -6.27281103470916e-32, -6.27281103470916e-32, -1.1959834268511627e-32, 2.3431512036267676e-32, 7.96671409233101e-31, 6.834191010578073e-32, -4.295777206649074e-32, 3.905252006044613e-32, -9.177342214204841e-32, -4.594685262080849e-33, 3.4805558503872613e-31, 3.4805558503872613e-31, -2.9582283945787943e-31, -2.9582283945787943e-31, -2.333388073611656e-31, -2.333388073611656e-31, -2.333388073611656e-31], [0.26424300922257865, -0.09823832119879221, 0.0594445226246905, -0.0015632973713156435, 0.05289996588742606, -0.09926097825397236, -0.14673142746467802, 1.8305868778334122e-34, 0.16035010236385264, 0.07941678158766928, 0.07941678158766928, 0.07941678158766928, 0.16035010236385264, 0.19229140884996124, 6.834191010578073e-32, 0.991484531517668, 0.2319731583242704, 0.029875473522212415, -0.052690943530769675, -0.19607024689232508, -0.17085040649361005, -0.06554409821953577, -0.0076411830227834515, -0.0076411830227834515, -0.04878601438261327, -0.041732614720907814, 0.016751824141720665], [0.21062490389877606, -0.014835545507334652, 0.011263243705259485, -0.11348057882711349, 0.06285560682765111, 0.009262577841494615, -0.08480802831414364, 4.881565007555766e-34, 0.1426714977369436, 0.0927078724686545, 0.0927078724686545, 0.0927078724686545, 0.1426714977369436, 0.14783526109245296, -4.295777206649074e-32, 0.2319731583242704, 1.0017059464796632, 0.13814769999022916, 0.05048008700817167, -0.17445353565175542, -0.27155234047631976, -0.270826493002116, -0.17887495255914587, -0.17887495255914587, -0.22557779854235982, -0.26170641524672134, -0.1730003807367026], [0.18947083696334682, 0.2853347937268479, 0.1501488523375306, -0.13023147825279896, 0.01468629814501327, -0.1681629767730317, -0.03511095119436927, -3.356075942694589e-34, 0.23760273095755507, 0.11375779663648286, 0.11375779663648286, 0.11375779663648286, 0.23760273095755507, -0.13322320277494706, 3.905252006044613e-32, 0.029875473522212415, 0.13814769999022916, 1.002938858089952, 0.09236399919456553, -0.2905319315435815, -0.10177657131457439, -0.19002001003882163, -0.05541468105733129, -0.05541468105733129, -0.11152954767921279, -0.16764441430135665, -0.05031332954574617], [0.020204797895257497, 0.33021592178874976, -0.09424450572011635, 0.13343605896792482, 0.0455345601819328, -0.07562696517173186, -0.040783127815122396, -1.1608971783593557e-32, -0.13818512684056317, 0.5486134524886073, 0.5486134524886073, 0.5486134524886073, -0.13818512684056317, -0.014658382786755457, -9.177342214204841e-32, -0.052690943530769675, 0.05048008700817167, 0.09236399919456553, 0.8129711393941395, 0.16896658766774583, 0.01132073544131568, -0.09132059972139782, -0.4169874101627732, -0.4169874101627732, -0.2300760612385244, -0.1677722782637577, -0.47929119314059193], [-0.2415010838746474, -0.04810457249656736, -0.0525749421966012, -0.04540594903396988, 0.08125223426218962, 0.09320126736169909, 0.13143763813933731, 2.153476808905063e-34, -0.8340165648344741, -0.24367919797987983, -0.24367919797987983, -0.24367919797987983, -0.8340165648344741, -0.13629282981032217, -4.594685262080849e-33, -0.19607024689232508, -0.17445353565175542, -0.2905319315435815, 0.16896658766774583, 1.0198046731742143, -4.209982854997568e-08, -4.209982854997568e-08, -0.31336178792176755, -0.31336178792176755, -0.12534474242717758, -0.06267239392896481, -0.3760341364230471], [-0.352049881780852, -0.037601041095161956, -0.10015627423564727, 0.19833781599537334, -0.02812658869795003, 0.11958336726401145, 0.04554692714994059, 1.2901823766063403e-32, -1.1857696567573996e-11, 0.02285682097448604, 0.02285682097448604, 0.02285682097448604, -1.1857696567573996e-11, -0.09459411427941945, 3.4805558503872613e-31, -0.17085040649361005, -0.27155234047631976, -0.10177657131457439, 0.01132073544131568, -4.209982854997568e-08, 1.0193083414002075, 0.76059010760587, 0.6018590069280918, 0.6018590069280918, 0.7446255620317579, 0.8683565764172961, 0.6208945473516511], [-0.3600386361669552, -0.008379660870484916, -0.0743886893844073, 0.18817595183084262, -0.04699862197601501, 0.16785222281329812, -0.08292807140946357, 1.2901823766063403e-32, -1.1857696567573996e-11, 0.02285682097448604, 0.02285682097448604, 0.02285682097448604, -1.1857696567573996e-11, 0.041577835553438004, 3.4805558503872613e-31, -0.06554409821953577, -0.270826493002116, -0.19002001003882163, -0.09132059972139782, -4.209982854997568e-08, 0.76059010760587, 1.0193083414002078, 0.6399300891059382, 0.6399300891059382, 0.7255900223459878, 0.8873921178755695, 0.6399300891054643], [-0.24686898810454178, -0.1174386023763629, 0.03819623558123302, 0.03231014499420897, 0.01821117262259132, 0.10721093570687466, 0.003818471731115839, -4.118820475125178e-33, 0.2562738101457314, -0.12508802568566202, -0.12508802568566202, -0.12508802568566202, 0.2562738101457314, 0.07141567151953723, -2.9582283945787943e-31, -0.0076411830227834515, -0.17887495255914587, -0.05541468105733129, -0.4169874101627732, -0.31336178792176755, 0.6018590069280918, 0.6399300891059382, 1.0192271427622748, 1.0192271427622748, 0.9730084845221717, 0.8343525097995734, 0.9961178136410977], [-0.24686898810454178, -0.1174386023763629, 0.03819623558123302, 0.03231014499420897, 0.01821117262259132, 0.10721093570687466, 0.003818471731115839, -4.118820475125178e-33, 0.2562738101457314, -0.12508802568566202, -0.12508802568566202, -0.12508802568566202, 0.2562738101457314, 0.07141567151953723, -2.9582283945787943e-31, -0.0076411830227834515, -0.17887495255914587, -0.05541468105733129, -0.4169874101627732, -0.31336178792176755, 0.6018590069280918, 0.6399300891059382, 1.0192271427622748, 1.0192271427622748, 0.9730084845221717, 0.8343525097995734, 0.9961178136410977], [-0.33150978404477915, -0.07013855323404473, 0.005298633379213402, 0.09281823475863037, 0.04170945990974721, 0.11661025062172696, 0.01321778664596723, -2.166194472102871e-33, 0.10250952405063167, -0.035236063575805505, -0.035236063575805505, -0.035236063575805505, 0.10250952405063167, 0.04937379757677454, -2.333388073611656e-31, -0.04878601438261327, -0.22557779854235982, -0.11152954767921279, -0.2300760612385244, -0.12534474242717758, 0.7446255620317579, 0.7255900223459878, 0.9730084845221717, 0.9730084845221717, 1.019227142762275, 0.9267898262801635, 0.9344929359864803], [-0.35737224947091245, -0.09378857780636479, -0.02936134036930615, 0.19092358418354208, 0.009399314889652134, 0.1606695392859097, -0.03906590256799129, -4.118820475125178e-33, 0.05125476201891806, -0.005285409539178733, -0.005285409539178733, -0.005285409539178733, 0.05125476201891806, 0.012637341004578214, -2.333388073611656e-31, -0.041732614720907814, -0.26170641524672134, -0.16764441430135665, -0.1677722782637577, -0.06267239392896481, 0.8683565764172961, 0.8873921178755695, 0.8343525097995734, 0.8343525097995734, 0.9267898262801635, 1.0192271427622748, 0.8574618389196067], [-0.21659814788837206, -0.1706511576629047, 0.04495199317659316, 0.055514703690363, 0.0029372858854379005, 0.12365973680793181, -0.013511515143969484, -2.166194472102871e-33, 0.3075285721799559, -0.15503867972375587, -0.15503867972375587, -0.15503867972375587, 0.3075285721799559, 0.050843255839527174, -2.333388073611656e-31, 0.016751824141720665, -0.1730003807367026, -0.05031332954574617, -0.47929119314059193, -0.3760341364230471, 0.6208945473516511, 0.6399300891054643, 0.9961178136410977, 0.9961178136410977, 0.9344929359864803, 0.8574618389196067, 1.0192271427622748]], 'distribs': {'Unnamed: 0': {'type': 'copulas.univariate.gaussian.GaussianUnivariate', 'fitted': True, 'mean': 50.00970873786408, 'std': 29.71564105342736}, 'Unnamed: 1': {'type': 'copulas.univariate.gaussian.GaussianUnivariate', 'fitted': True, 'mean': 4.203883495145631, 'std': 1.4770688850832199}, 'Factor Loadings': {'type': 'copulas.univariate.gaussian.GaussianUnivariate', 'fitted': True, 'mean': 51.0, 'std': 29.732137494637012}, 'Unnamed: 3': {'type': 'copulas.univariate.gaussian.GaussianUnivariate', 'fitted': True, 'mean': 51.0, 'std': 29.732137494637012}, 'Unnamed: 4': {'type': 'copulas.univariate.gaussian.GaussianUnivariate', 'fitted': True, 'mean': 51.0, 'std': 29.732137494637012}, 'Unnamed: 5': {'type': 'copulas.univariate.gaussian.GaussianUnivariate', 'fitted': True, 'mean': 51.0, 'std': 29.732137494637012}, 'Unnamed: 6': {'type': 'copulas.univariate.gaussian.GaussianUnivariate', 'fitted': True, 'mean': 51.0, 'std': 29.732137494637012}, 'Unnamed: 7': {'type': 'copulas.univariate.gaussian.GaussianUnivariate', 'fitted': True, 'mean': 0.0005396429594737321, 'std': 0.005450126734157277}, 'Unnamed: 8': {'type': 'copulas.univariate.gaussian.GaussianUnivariate', 'fitted': True, 'mean': 0.9902912621359223, 'std': 0.1703876580076143}, 'Unnamed: 9': {'type': 'copulas.univariate.gaussian.GaussianUnivariate', 'fitted': True, 'mean': 1.9514563106796117, 'std': 0.2915855809258489}, 'Unnamed: 10': {'type': 'copulas.univariate.gaussian.GaussianUnivariate', 'fitted': True, 'mean': 1.9514563106796117, 'std': 0.2915855809258489}, 'Unnamed: 11': {'type': 'copulas.univariate.gaussian.GaussianUnivariate', 'fitted': True, 'mean': 1.9514563106796117, 'std': 0.2915855809258489}, 'Unnamed: 12': {'type': 'copulas.univariate.gaussian.GaussianUnivariate', 'fitted': True, 'mean': 0.9902912621359223, 'std': 0.1703876580076143}, 'Unnamed: 13': {'type': 'copulas.univariate.gaussian.GaussianUnivariate', 'fitted': True, 'mean': 50.00970873786408, 'std': 29.715641053427355}, 'Unnamed: 14': {'type': 'copulas.univariate.gaussian.GaussianUnivariate', 'fitted': True, 'mean': 0.0, 'std': 0}, 'Unnamed: 15': {'type': 'copulas.univariate.gaussian.GaussianUnivariate', 'fitted': True, 'mean': 50.00970873786408, 'std': 29.71564105342736}, 'Unnamed: 16': {'type': 'copulas.univariate.gaussian.GaussianUnivariate', 'fitted': True, 'mean': 51.0, 'std': 29.732137494637012}, 'Unnamed: 17': {'type': 'copulas.univariate.gaussian.GaussianUnivariate', 'fitted': True, 'mean': 4.223300970873787, 'std': 1.7119343447336615}, 'Unnamed: 18': {'type': 'copulas.univariate.gaussian.GaussianUnivariate', 'fitted': True, 'mean': 2.912621359223301, 'std': 0.42051277335354803}, 'Unnamed: 19': {'type': 'copulas.univariate.gaussian.GaussianUnivariate', 'fitted': True, 'mean': 1.0, 'std': 0.13934660285832354}, 'Unnamed: 20': {'type': 'copulas.univariate.gaussian.GaussianUnivariate', 'fitted': True, 'mean': 0.20388349514563106, 'std': 0.9175656194726719}, 'Unnamed: 21': {'type': 'copulas.univariate.gaussian.GaussianUnivariate', 'fitted': True, 'mean': 0.20388349514563106, 'std': 0.9175656194726719}, 'Unnamed: 22': {'type': 'copulas.univariate.gaussian.GaussianUnivariate', 'fitted': True, 'mean': 0.27184466019417475, 'std': 1.1337212098636915}, 'Unnamed: 23': {'type': 'copulas.univariate.gaussian.GaussianUnivariate', 'fitted': True, 'mean': 0.27184466019417475, 'std': 1.1337212098636915}, 'Unnamed: 24': {'type': 'copulas.univariate.gaussian.GaussianUnivariate', 'fitted': True, 'mean': 0.27184466019417475, 'std': 1.1337212098636915}, 'Unnamed: 25': {'type': 'copulas.univariate.gaussian.GaussianUnivariate', 'fitted': True, 'mean': 0.27184466019417475, 'std': 1.1337212098636915}, 'Unnamed: 26': {'type': 'copulas.univariate.gaussian.GaussianUnivariate', 'fitted': True, 'mean': 0.27184466019417475, 'std': 1.1337212098636915}}, 'type': 'copulas.multivariate.gaussian.GaussianMultivariate', 'fitted': True, 'distribution': 'copulas.univariate.gaussian.GaussianUnivariate'}\n",
            "<class 'dict'>\n"
          ],
          "name": "stdout"
        }
      ]
    },
    {
      "cell_type": "code",
      "metadata": {
        "id": "RyY_JBexHwR2",
        "colab_type": "code",
        "outputId": "ff257d1f-203f-4996-b3fb-278abbb5d16e",
        "colab": {
          "base_uri": "https://localhost:8080/",
          "height": 34
        }
      },
      "source": [
        "print(type(copula_params))"
      ],
      "execution_count": 0,
      "outputs": [
        {
          "output_type": "stream",
          "text": [
            "<class 'dict'>\n"
          ],
          "name": "stdout"
        }
      ]
    },
    {
      "cell_type": "code",
      "metadata": {
        "id": "TMOhVDErIAxY",
        "colab_type": "code",
        "outputId": "0fa883e9-6728-48ee-f88a-8ea6ccd26744",
        "colab": {
          "base_uri": "https://localhost:8080/",
          "height": 34
        }
      },
      "source": [
        "list(copula_params.keys())  "
      ],
      "execution_count": 0,
      "outputs": [
        {
          "output_type": "execute_result",
          "data": {
            "text/plain": [
              "['covariance', 'distribs', 'type', 'fitted', 'distribution']"
            ]
          },
          "metadata": {
            "tags": []
          },
          "execution_count": 50
        }
      ]
    },
    {
      "cell_type": "code",
      "metadata": {
        "id": "w3gS7pNjH-05",
        "colab_type": "code",
        "outputId": "5068fc31-c5f3-4e15-8f58-034d6fdebdb1",
        "colab": {
          "base_uri": "https://localhost:8080/",
          "height": 54
        }
      },
      "source": [
        "print(copula_params.get(\"covariance\"))"
      ],
      "execution_count": 0,
      "outputs": [
        {
          "output_type": "stream",
          "text": [
